8	0	0	7	0	2	6	8	
1	8	0	4	7	6	0	8	
0	0	8	5	7	3	4	2	
0	0	0	8	7	0	6	4	
0	3	0	8	8	7	5	2	
0	0	0	8	6	8	3	7	
0	3	7	2	4	0	8	8	
6	0	0	1	8	0	4	8	

results -> 38, 2, 6, 15, 20, 19, 49, 40


16	15	11	16	13	14	12	8	
16	16	0	11	13	6	12	8	
16	0	16	11	14	3	13	15	
12	16	13	16	10	0	6	15	
16	12	0	15	16	7	11	2	
10	12	16	8	14	16	15	7	
11	10	12	14	15	0	16	16	
15	0	11	14	16	0	13	16	

results -> 201, 50, 57, 99, 102, 82, 148, 144


24	15	23	20	21	18	12	19	
21	24	19	11	13	18	12	24	
18	23	24	11	14	21	13	22	
18	24	19	24	10	21	23	22	
22	23	17	18	24	7	11	24	
10	12	16	8	24	24	21	23	
18	22	23	14	24	0	24	21	
15	17	23	14	22	21	13	24	

results -> 274, 183, 194, 197, 215, 220, 221, 279


8	3	8	2	0	0	4	5	
8	8	0	7	0	3	2	5	
4	2	8	5	8	7	3	0	
8	4	0	8	7	5	2	6	
2	1	7	4	8	0	0	8	
0	0	6	5	2	8	7	8	
3	7	0	1	0	4	8	8	
3	1	6	8	4	0	5	8	

results -> 58, 4, 4, 24, 19, 27, 39, 52


16	16	13	12	0	0	11	14	
13	16	16	10	0	12	15	5	
11	2	16	16	8	7	12	10	
9	16	11	16	14	5	12	13	
14	15	9	4	16	13	16	8	
10	12	14	9	13	16	7	11	
15	11	0	1	16	10	16	13	
14	12	6	11	15	16	5	16	

results -> 168, 64, 86, 101, 79, 128, 127, 152


23	22	23	12	17	0	20	21	
17	23	21	10	24	18	20	19	
22	23	23	20	8	18	12	17	
22	19	21	23	24	5	17	13	
23	21	9	17	23	13	24	22	
23	17	19	21	20	23	7	11	
24	23	17	1	22	18	23	13	
19	12	20	21	15	16	23	24	

results -> 288, 250, 211, 184, 184, 217, 241, 265


8	0	0	7	5	3	6	0	
2	8	1	8	0	0	0	6	
0	5	8	0	8	6	0	1	
7	5	0	8	6	1	3	4	
5	0	6	0	8	0	4	2	
0	0	3	8	0	8	5	4	
1	0	0	8	7	0	8	6	
0	4	6	0	7	0	8	8	

results -> 44, 4, 3, 8, 25, 22, 37, 48


16	15	0	17	12	3	6	13	
16	16	17	12	15	0	0	6	
15	9	16	10	8	17	0	16	
13	10	0	16	6	11	9	16	
5	16	13	0	16	0	15	11	
0	0	15	16	0	16	11	13	
12	16	17	15	13	0	16	6	
17	4	6	16	12	13	15	16	

results -> 160, 117, 66, 99, 101, 87, 0, 158


21	15	0	21	22	3	18	14	
20	21	23	18	15	22	21	6	
14	18	21	19	8	21	0	20	
22	10	0	23	21	11	20	18	
19	16	24	18	23	21	15	22	
21	22	15	16	18	23	11	23	
20	18	19	23	13	22	23	21	
17	18	23	16	20	22	24	23	

results -> 213, 0, 211, 199, 182, 266, 240, 287


7	0	0	0	0	5	4	0	
7	7	0	2	0	6	0	3	
4	5	7	7	6	0	3	0	
0	2	8	7	7	0	6	0	
0	0	0	6	7	0	8	7	
7	0	6	0	0	7	4	8	
3	8	2	6	7	0	7	5	
8	0	0	1	0	7	0	7	

results -> 42, 2, 7, 14, 13, 25, 48, 46


18	13	12	0	10	18	4	15	
13	18	15	2	0	14	0	3	
18	13	18	12	6	0	3	0	
0	18	8	18	7	13	14	11	
0	0	15	18	18	0	13	14	
13	11	15	0	0	18	4	18	
15	13	14	6	7	12	18	9	
8	11	18	14	12	7	13	18	

results -> 0, 53, 167, 88, 84, 121, 119, 155


17	23	21	0	10	18	22	17	
13	17	17	2	0	22	21	23	
18	17	17	12	16	23	3	24	
23	17	8	17	20	22	14	21	
20	0	23	18	17	17	24	14	
22	17	15	21	23	17	4	18	
23	20	19	6	21	16	23	9	
23	22	16	14	17	24	13	23	

results -> 252, 231, 0, 161, 189, 215, 226, 278


8	0	0	5	6	3	7	8	
7	8	0	4	6	8	1	0	
0	8	8	6	7	2	1	5	
3	0	0	8	2	0	7	1	
2	0	7	3	8	5	0	8	
2	3	8	0	0	8	5	7	
8	0	2	0	7	0	8	6	
0	0	5	6	4	8	2	8	

results -> 59, 2, 7, 19, 19, 29, 35, 43


19	12	18	17	6	19	7	14	
7	19	14	19	12	8	1	18	
12	17	19	18	7	2	19	5	
17	16	15	19	9	0	19	1	
12	18	7	3	19	5	14	15	
2	16	8	0	19	19	14	18	
12	0	15	0	17	18	19	19	
0	14	16	12	18	8	19	19	

results -> 150, 168, 181, 165, 104, 0, 103, 136


23	23	18	11	24	22	7	14	
7	23	11	13	12	23	22	18	
13	21	13	18	7	23	24	11	
17	13	10	11	9	20	19	23	
23	10	13	3	11	5	24	11	
23	10	24	13	21	11	14	18	
12	0	11	24	10	20	11	22	
21	14	10	12	11	8	13	11	

results -> 205, 0, 226, 216, 196, 257, 233, 250


8	7	5	4	6	3	8	0	
0	8	5	0	7	8	3	2	
0	8	8	1	3	7	6	2	
0	2	6	8	4	7	0	5	
0	7	0	0	8	3	8	0	
5	0	6	7	0	8	1	8	
0	7	0	8	0	2	8	1	
5	8	0	3	7	4	0	8	

results -> 51, 3, 6, 20, 15, 33, 29, 36


22	16	5	4	12	11	21	22	
19	22	5	12	7	8	11	22	
0	22	22	11	19	16	6	21	
22	9	6	22	11	19	16	10	
12	22	0	0	22	21	8	10	
5	10	22	7	19	22	11	8	
0	7	0	19	22	10	22	11	
19	8	9	12	7	4	22	22	

results -> 84, 121, 145, 134, 161, 186, 186, 0


24	24	17	18	14	11	21	13	
15	24	5	23	7	20	13	24	
0	18	24	23	24	15	20	14	
22	9	17	24	11	18	14	24	
12	14	18	0	24	24	8	17	
5	10	18	7	20	24	17	24	
14	7	20	23	24	10	24	17	
19	17	24	12	20	13	15	23	

results -> 229, 199, 238, 0, 197, 193, 192, 276


8	0	0	0	8	7	4	5	
0	8	0	0	7	0	6	8	
8	3	8	0	0	5	7	2	
4	1	8	8	3	6	2	0	
3	0	0	0	8	6	5	7	
8	0	3	6	1	8	5	7	
0	3	0	0	7	8	8	5	
0	0	7	0	1	8	4	8	

results -> 55, 6, 5, 9, 23, 33, 61, 48


19	19	0	15	12	7	13	5	
0	19	11	19	7	9	14	15	
19	3	19	13	15	14	7	2	
4	1	11	19	13	19	2	10	
15	14	11	19	19	13	9	12	
19	0	3	6	9	19	10	14	
10	12	14	19	7	15	19	5	
13	15	12	0	14	19	4	19	

results -> 0, 46, 57, 170, 92, 130, 145, 144


24	19	17	23	12	16	24	21	
17	24	11	23	24	9	16	15	
18	20	24	16	15	23	24	21	
22	16	21	24	18	19	24	23	
23	18	11	16	24	24	22	21	
16	0	3	23	24	24	17	14	
10	18	24	19	21	22	24	5	
23	22	12	0	21	20	16	24	

results -> 285, 173, 173, 0, 213, 210, 224, 257


8	5	4	3	2	8	0	1	
0	8	8	4	3	6	1	5	
0	5	8	4	0	7	3	6	
0	0	0	8	1	0	0	8	
0	1	0	6	8	0	8	5	
0	8	6	7	4	8	0	3	
8	6	7	5	0	0	8	0	
8	7	0	1	0	6	0	8	

results -> 47, 5, 4, 18, 18, 20, 24, 48


23	5	4	16	2	17	23	1	
10	23	8	4	23	6	22	5	
10	5	23	4	0	7	12	17	
23	17	0	23	11	0	0	9	
16	1	23	6	23	11	17	12	
10	11	12	7	22	23	0	3	
11	23	22	5	0	12	23	17	
23	12	0	17	9	22	10	23	

results -> 124, 134, 107, 90, 153, 0, 196, 180


24	21	18	16	13	14	23	1	
15	24	24	21	23	19	22	18	
18	13	24	4	24	20	12	14	
14	17	21	24	24	15	20	18	
20	1	18	6	24	11	24	12	
20	18	14	7	22	24	21	19	
20	15	22	19	0	12	21	24	
21	12	24	18	19	15	10	21	

results -> 251, 0, 221, 204, 193, 251, 179, 170


8	0	5	0	6	3	0	8	
6	8	0	2	8	7	1	0	
7	4	8	0	0	0	8	5	
2	5	8	8	7	6	0	0	
2	8	6	5	8	4	0	7	
4	1	7	0	0	8	5	2	
0	5	1	0	7	6	8	4	
0	0	0	8	7	5	0	8	

results -> 51, 7, 8, 13, 24, 31, 29, 50


16	0	16	0	13	3	15	8	
6	16	13	16	15	7	14	12	
14	4	16	11	0	15	12	5	
2	15	14	16	16	11	0	12	
14	11	6	5	16	13	9	16	
4	15	7	10	0	16	16	2	
15	5	11	13	7	14	16	16	
0	16	12	8	15	14	13	16	

results -> 126, 56, 79, 101, 104, 122, 137, 127


24	24	20	21	17	3	15	8	
6	24	24	16	17	23	22	20	
14	18	24	24	21	23	22	5	
21	15	17	24	16	11	0	12	
14	24	20	5	24	23	22	21	
24	23	7	10	22	24	18	21	
21	23	24	13	22	18	24	16	
23	16	20	8	15	24	22	22	

results -> 255, 215, 185, 157, 199, 226, 282, 246


8	5	0	8	1	0	3	7	
3	8	7	0	0	2	6	8	
3	6	8	0	0	7	8	1	
8	0	2	8	3	7	1	0	
0	7	3	1	8	8	2	6	
3	0	0	7	2	8	8	0	
2	6	4	7	0	0	8	0	
7	3	0	1	4	8	2	8	

results -> 58, 19, 20, 16, 23, 16, 33, 38


17	5	16	8	17	13	9	15	
13	17	12	0	16	15	11	8	
3	6	17	10	13	9	11	12	
13	0	2	17	15	17	1	0	
0	11	15	17	17	13	16	6	
10	0	0	16	17	17	13	15	
13	17	12	15	0	16	17	0	
17	16	12	1	15	8	2	17	

results -> 157, 147, 69, 77, 93, 108, 0, 125


24	24	21	18	23	13	9	19	
18	24	20	0	23	24	21	8	
3	24	24	20	13	9	11	12	
21	24	23	24	15	17	14	22	
0	11	24	17	24	20	23	6	
22	0	14	21	24	24	13	20	
13	18	23	15	14	19	24	22	
18	24	23	21	20	8	2	24	

results -> 246, 0, 189, 181, 225, 216, 239, 238


8	0	3	4	7	0	0	6	
7	8	4	0	0	3	8	6	
4	2	8	6	8	3	0	5	
4	5	7	8	8	3	0	6	
5	6	8	0	8	0	7	0	
0	0	4	0	6	8	0	3	
0	0	6	2	0	1	8	7	
0	1	0	8	6	0	7	8	

results -> 48, 4, 4, 10, 12, 27, 20, 59


17	10	15	12	7	13	11	9	
13	17	4	12	16	15	8	6	
16	2	17	12	8	3	13	5	
15	5	17	17	16	3	10	11	
12	13	16	0	17	15	17	0	
17	9	4	0	15	17	16	3	
13	10	15	12	9	1	17	7	
0	17	0	16	6	12	11	17	

results -> 175, 157, 81, 79, 123, 117, 0, 117


24	22	23	18	7	20	11	24	
22	24	4	12	14	21	8	19	
24	18	24	12	8	23	14	21	
15	5	17	24	23	20	21	24	
12	23	20	0	24	15	24	22	
18	9	23	21	15	24	22	24	
21	20	23	22	9	24	23	7	
0	24	21	22	23	19	11	23	

results -> 261, 0, 179, 205, 213, 256, 239, 284


14	0	3	4	14	12	1	13	
0	14	3	1	0	2	13	6	
0	6	13	13	12	0	4	14	
14	12	0	13	4	0	13	1	
0	0	13	0	13	14	1	12	
12	0	2	0	14	13	1	0	
4	2	1	12	13	0	13	0	
2	0	14	0	13	12	0	13	

results -> 0, 3, 14, 8, 123, 82, 78, 0


21	18	17	21	5	12	20	19	
21	21	3	17	0	2	20	16	
21	20	21	13	12	19	4	14	
14	21	20	21	18	15	13	16	
19	21	15	20	21	14	18	12	
12	19	15	18	14	21	20	21	
17	20	5	21	13	0	21	15	
19	0	20	18	17	12	21	21	

results -> 133, 119, 186, 166, 213, 214, 0, 170


10	9	11	21	5	12	10	19	
21	10	10	17	11	7	20	8	
22	20	10	10	9	7	11	14	
10	7	20	10	11	9	23	8	
22	10	15	7	10	14	18	8	
22	19	9	24	11	10	20	21	
8	23	5	11	13	22	10	10	
10	0	11	7	17	8	22	10	

results -> 253, 212, 184, 203, 0, 0, 254, 175


7	6	0	3	1	8	7	0	
5	8	0	0	0	4	0	6	
0	0	8	1	8	4	0	5	
7	0	6	8	5	8	0	0	
3	4	7	0	8	8	0	1	
0	4	1	2	7	8	0	8	
4	0	8	0	7	6	8	5	
0	6	5	7	0	0	8	8	

results -> 51, 6, 2, 10, 15, 28, 25, 53


16	6	0	14	9	15	13	16	
12	16	0	15	14	4	16	13	
0	13	16	1	8	14	16	11	
7	15	6	16	5	16	0	9	
15	10	7	16	16	8	13	14	
12	16	1	2	11	16	15	8	
4	0	10	15	13	6	16	16	
14	16	5	12	0	11	13	16	

results -> 153, 62, 66, 80, 101, 115, 129, 174


24	21	18	14	9	23	24	16	
23	24	0	18	20	21	19	22	
0	23	24	21	24	14	18	19	
7	15	24	24	23	19	18	9	
24	10	20	16	24	23	22	14	
24	16	22	2	11	24	15	8	
24	0	10	20	13	23	24	21	
24	21	20	23	19	11	18	24	

results -> 275, 174, 173, 191, 206, 228, 241, 258


8	24	2	0	7	0	0	5	
0	8	24	0	0	8	4	7	
4	5	8	3	8	2	0	6	
0	6	0	8	24	4	0	8	
24	2	6	8	8	0	4	7	
24	6	7	8	0	8	0	3	
0	0	7	24	5	2	8	8	
3	7	0	0	6	8	24	8	

results -> 101, 0, 6, 8, 16, 30, 36, 51


15	24	14	15	13	12	0	1	
0	15	1	12	13	8	14	7	
13	5	15	15	12	2	9	6	
0	6	15	15	24	12	0	14	
1	15	14	12	15	11	4	7	
15	13	12	8	1	15	10	14	
15	13	12	24	5	9	15	8	
12	7	10	1	13	8	15	15	

results -> 0, 90, 114, 129, 150, 122, 160, 138


23	20	18	22	13	16	23	1	
21	23	23	20	13	8	14	22	
13	5	23	15	23	21	22	6	
0	6	15	21	23	19	21	14	
18	19	14	12	21	21	16	22	
15	23	18	20	1	21	17	21	
21	20	12	16	23	9	21	19	
19	7	10	22	20	17	15	21	

results -> 155, 169, 184, 181, 217, 247, 225, 231


7	0	8	0	1	0	0	7	
7	7	1	0	2	8	0	0	
2	6	7	0	0	8	3	7	
2	7	5	7	1	0	0	8	
5	8	0	0	7	0	6	7	
6	0	4	5	3	7	0	2	
3	0	8	6	0	7	7	0	
8	7	6	4	0	0	0	7	

results -> 56, 53, 65, 45, 14, 24, 40, 63


16	0	13	11	1	12	14	7	
15	16	16	10	14	8	11	0	
2	16	16	0	12	14	11	9	
2	16	5	16	14	13	9	8	
16	8	0	9	16	12	15	7	
6	0	14	16	10	16	12	2	
3	15	16	6	14	10	16	0	
11	13	12	15	0	16	0	16	

results -> 129, 66, 74, 110, 89, 121, 141, 99


24	20	13	24	23	19	14	22	
23	24	20	10	22	8	21	24	
17	24	24	0	21	14	18	20	
17	21	5	24	20	19	23	22	
24	8	0	18	24	12	22	19	
22	0	18	16	24	24	23	2	
3	22	18	6	23	10	24	17	
18	24	12	20	0	23	17	24	

results -> 283, 160, 187, 193, 248, 207, 230, 246


2	0	6	2	0	0	4	5	
2	2	5	0	0	4	0	6	
7	5	2	0	2	0	0	6	
8	0	0	2	2	0	5	0	
0	2	0	3	2	0	5	7	
2	0	6	0	7	2	0	0	
0	0	2	1	0	7	2	4	
8	0	0	2	6	0	0	2	

results -> 46, 44, 41, 34, 33, 28, 24, 59


16	12	15	2	9	10	4	11	
16	16	5	0	14	9	11	6	
14	12	16	10	2	16	0	6	
8	13	14	16	11	15	16	0	
0	14	15	16	16	0	5	7	
10	14	15	16	11	16	0	0	
0	0	16	14	12	15	16	4	
10	0	14	15	6	0	16	16	

results -> 137, 38, 69, 79, 127, 103, 101, 106


20	20	15	2	21	23	22	11	
16	20	5	0	21	9	20	6	
14	22	20	20	19	16	23	24	
24	22	23	20	21	20	17	19	
0	20	22	24	20	21	5	7	
10	24	22	16	11	20	20	18	
24	0	16	14	20	15	20	22	
17	20	21	22	6	0	23	20	

results -> 232, 146, 282, 264, 238, 245, 256, 236


4	4	0	7	3	0	2	5	
8	4	0	0	0	4	3	0	
7	3	4	8	6	2	4	0	
1	0	3	4	0	4	0	6	
0	1	2	0	4	4	0	7	
7	6	8	4	3	4	0	0	
0	4	1	5	8	3	4	0	
8	4	0	0	0	2	6	4	

results -> 66, 9, 48, 42, 38, 22, 26, 42


16	4	13	15	3	14	2	5	
15	16	14	9	16	4	11	13	
9	15	16	8	6	11	12	14	
15	0	3	16	16	4	14	11	
11	1	2	12	16	10	14	16	
13	16	11	4	10	16	15	14	
16	9	12	14	8	13	16	0	
13	4	0	10	15	2	12	16	

results -> 164, 113, 64, 116, 106, 126, 144, 135


24	4	13	15	24	20	18	23	
19	24	14	21	24	22	23	13	
21	15	24	8	6	11	12	24	
22	0	17	24	20	4	24	21	
22	23	2	19	24	18	17	20	
13	24	23	18	10	24	20	22	
21	23	24	14	18	20	24	17	
13	22	23	10	20	18	12	24	

results -> 272, 148, 176, 200, 217, 244, 255, 282


1	7	4	2	1	0	5	3	
0	1	5	1	2	0	7	3	
3	7	1	0	2	8	1	5	
8	0	3	1	0	0	5	0	
0	0	0	3	1	2	8	1	
7	0	0	1	3	1	6	5	
0	5	0	1	2	3	1	0	
1	0	3	0	0	0	2	1	

results -> 50, 38, 42, 44, 22, 41, 46, 32


16	15	14	13	1	0	12	16	
11	16	14	1	15	0	16	3	
14	15	16	16	12	8	10	9	
8	13	3	16	15	14	11	0	
9	0	13	14	16	2	8	16	
13	15	9	14	16	16	11	10	
11	10	16	13	14	3	16	15	
10	14	3	16	15	12	2	16	

results -> 163, 46, 83, 66, 106, 106, 153, 122


23	23	18	21	19	24	12	17	
11	23	23	20	21	0	24	17	
19	15	23	16	17	24	22	21	
8	22	3	23	18	14	17	0	
23	24	21	14	23	2	19	22	
19	15	9	23	17	23	21	18	
24	10	23	13	22	3	23	21	
18	20	3	16	23	22	24	23	

results -> 279, 208, 191, 196, 217, 186, 278, 265


8	6	0	8	0	3	0	2	
8	8	6	5	0	7	0	2	
0	5	8	7	0	6	1	8	
0	0	8	8	2	4	5	0	
7	5	8	2	8	0	0	0	
0	0	8	3	6	8	0	4	
4	0	5	7	1	0	8	6	
6	2	8	0	0	7	0	8	

results -> 52, 2, 5, 11, 17, 28, 28, 43


17	15	9	12	17	3	13	2	
9	17	12	5	0	17	13	15	
11	5	17	12	0	13	15	17	
0	11	8	17	2	14	17	15	
10	5	11	12	17	17	0	13	
0	9	15	13	10	17	0	17	
10	11	17	14	1	15	17	6	
10	15	17	12	14	9	13	17	

results -> 0, 159, 112, 110, 77, 126, 50, 170


24	20	16	12	17	24	13	23	
19	24	12	20	16	23	24	22	
24	5	24	23	16	13	15	22	
24	21	22	24	2	18	17	15	
24	18	11	21	24	17	23	22	
24	23	15	13	20	24	0	22	
10	22	17	23	16	15	24	24	
22	15	17	23	19	24	20	24	

results -> 296, 0, 180, 196, 207, 199, 232, 275


8	1	6	0	3	4	0	8	
6	8	0	1	7	0	2	4	
3	0	8	0	0	8	5	6	
1	7	5	8	0	0	8	4	
6	2	7	0	8	0	0	8	
8	0	7	0	5	8	0	3	
5	6	3	8	0	7	8	0	
6	8	0	0	1	7	5	8	

results -> 65, 7, 7, 10, 23, 24, 34, 68


12	1	12	24	10	9	20	22	
10	12	24	22	11	9	2	12	
20	21	12	10	22	24	5	12	
24	21	11	12	20	0	8	4	
10	24	7	0	12	0	11	12	
8	12	7	11	5	12	0	22	
24	6	11	10	12	7	12	0	
11	8	0	12	9	22	5	12	

results -> 233, 131, 87, 200, 165, 119, 115, 0


18	17	18	24	16	9	23	13	
10	18	23	18	11	16	14	12	
19	21	18	23	17	24	5	18	
24	21	18	18	17	16	23	4	
10	14	7	0	18	0	18	23	
13	12	7	19	5	18	0	16	
24	6	17	10	16	23	16	18	
11	8	0	16	19	23	5	16	

results -> 249, 219, 235, 201, 0, 154, 149, 213


8	1	0	8	5	6	2	0	
0	8	3	2	7	5	0	8	
6	0	8	8	1	2	4	0	
5	0	7	8	0	0	6	8	
7	2	8	0	8	6	5	0	
0	7	2	8	0	8	5	6	
4	6	8	0	5	7	8	0	
4	0	5	6	1	0	7	8	

results -> 56, 7, 7, 15, 16, 26, 44, 36


18	10	13	8	15	18	2	14	
11	18	12	2	13	5	18	15	
12	9	18	13	15	2	18	14	
15	18	11	18	13	12	14	8	
7	18	8	14	18	15	5	12	
15	7	18	11	0	18	14	12	
15	14	8	0	12	7	18	10	
10	15	9	13	1	0	7	18	

results -> 0, 68, 180, 86, 100, 107, 115, 155


19	21	20	8	16	18	23	14	
17	19	24	2	13	16	19	15	
12	17	19	19	24	2	18	23	
15	17	11	19	22	24	23	19	
7	16	22	23	19	19	24	20	
17	23	24	19	0	19	16	12	
17	24	19	0	21	23	19	10	
10	24	9	23	16	19	7	19	

results -> 217, 199, 0, 244, 202, 205, 196, 227


8	7	0	0	8	4	0	0	
0	8	0	0	0	6	1	8	
6	3	8	7	0	0	0	4	
5	0	0	8	0	7	1	6	
0	0	3	0	8	7	5	8	
0	5	2	7	4	8	0	0	
7	6	0	4	0	0	8	5	
1	6	8	0	0	0	7	8	

results -> 46, 5, 6, 8, 19, 24, 33, 49


20	18	20	16	17	4	0	10	
0	20	0	12	17	11	1	16	
12	17	20	16	20	0	18	4	
17	20	0	20	0	7	18	6	
0	11	3	17	20	20	16	10	
12	20	18	16	10	20	11	0	
17	11	0	4	16	18	20	20	
1	20	12	0	0	16	17	20	

results -> 140, 142, 118, 72, 177, 0, 0, 0


15	14	20	21	23	15	0	10	
15	15	21	24	13	11	1	16	
12	17	15	14	23	0	15	24	
17	20	14	15	13	23	19	21	
0	13	19	24	15	23	16	10	
12	19	15	23	10	15	14	21	
17	11	21	4	16	14	15	15	
21	15	12	22	0	23	13	15	

results -> 225, 0, 0, 169, 0, 215, 201, 238


1	5	8	1	7	0	0	0	
7	1	5	0	8	2	3	1	
4	0	1	0	1	0	7	8	
6	7	3	1	1	0	5	2	
2	4	8	3	1	0	1	6	
1	0	0	0	7	1	8	0	
0	1	3	0	7	4	1	5	
3	7	1	0	6	2	5	1	

results -> 54, 51, 56, 24, 67, 25, 48, 51


16	16	8	1	14	11	0	12	
7	16	15	16	11	2	9	14	
11	13	16	15	9	12	7	14	
12	7	9	16	11	0	16	2	
15	9	11	3	16	14	10	6	
1	11	14	12	7	16	15	0	
14	16	9	13	15	10	16	5	
15	11	16	0	12	2	10	16	

results -> 153, 75, 88, 99, 137, 118, 122, 132


24	18	8	22	14	20	21	24	
17	24	19	16	20	2	22	21	
23	20	24	24	9	12	7	14	
12	22	9	24	20	0	21	2	
22	9	24	17	24	21	20	23	
1	21	19	12	24	24	15	18	
18	16	20	13	24	10	24	22	
15	21	20	18	23	24	22	24	

results -> 259, 184, 200, 199, 226, 181, 272, 252


2	0	0	2	8	4	6	7	
0	2	0	0	2	4	3	6	
0	2	2	4	6	0	0	1	
6	0	8	2	3	7	1	2	
4	0	0	2	2	6	8	0	
4	0	2	0	7	2	3	0	
2	0	0	0	4	0	2	1	
7	8	4	2	1	0	6	2	

results -> 54, 24, 29, 50, 63, 28, 39, 41


16	16	0	15	13	4	6	7	
9	16	0	0	13	16	15	14	
15	2	16	4	6	16	13	1	
11	9	8	16	3	15	16	2	
4	15	16	10	16	6	11	13	
15	0	16	13	14	16	12	10	
13	10	0	0	15	14	16	1	
15	12	14	11	1	0	6	16	

results -> 159, 94, 62, 94, 83, 110, 132, 122


24	20	23	19	18	22	24	17	
22	24	0	0	19	24	15	23	
24	2	24	20	6	17	23	18	
22	9	18	24	3	23	21	24	
18	15	17	10	24	24	11	22	
15	0	17	24	23	24	18	20	
22	10	18	17	15	23	24	24	
15	23	24	19	17	20	6	24	

results -> 305, 151, 181, 200, 222, 242, 243, 262


5	1	7	0	4	5	8	0	
0	5	7	0	2	3	4	0	
5	8	5	2	0	7	0	1	
4	0	5	5	6	0	2	0	
5	0	4	3	5	8	1	7	
5	0	0	1	4	5	7	0	
7	0	4	2	5	0	5	0	
6	8	4	5	0	0	7	5	

results -> 64, 40, 59, 34, 55, 45, 52, 43


16	10	7	16	4	14	8	15	
0	16	7	16	2	13	15	0	
13	15	16	10	0	16	0	14	
4	11	16	16	13	0	2	10	
5	14	4	10	16	16	1	15	
14	0	0	1	16	16	7	0	
15	14	4	2	5	0	16	0	
6	14	4	13	0	16	7	16	

results -> 147, 52, 108, 70, 71, 85, 90, 113


24	24	7	16	4	23	8	22	
0	24	20	16	21	13	15	0	
18	23	24	10	0	19	0	22	
24	23	18	24	13	19	20	10	
21	17	20	19	24	24	23	15	
20	23	19	21	16	24	7	18	
15	14	23	19	5	20	24	24	
6	24	23	13	19	16	17	24	

results -> 232, 166, 200, 265, 196, 273, 208, 227


2	7	8	0	2	0	4	5	
1	2	5	2	6	0	8	0	
0	0	2	5	3	1	0	2	
5	0	0	2	0	0	4	2	
2	0	0	0	2	5	4	1	
0	1	7	3	0	2	2	8	
8	0	1	0	4	0	2	5	
5	0	0	2	1	0	4	2	

results -> 39, 27, 34, 8, 30, 33, 46, 33


16	9	10	0	2	16	13	12	
14	16	5	11	9	16	8	0	
14	13	16	11	3	12	0	16	
15	9	0	16	0	16	4	12	
15	0	11	16	16	5	12	1	
11	13	16	15	0	16	12	8	
15	0	1	0	10	16	16	9	
14	0	16	15	1	13	12	16	

results -> 176, 53, 82, 101, 78, 127, 121, 145


24	23	10	0	22	16	21	20	
23	24	5	11	22	16	24	19	
22	21	24	11	3	20	24	23	
18	9	0	24	0	21	24	22	
15	22	11	24	24	17	23	1	
24	23	18	20	22	24	12	17	
24	23	17	0	22	18	24	21	
14	0	23	22	1	24	21	24	

results -> 276, 124, 170, 150, 167, 233, 223, 240


8	5	8	1	4	2	7	3	
2	8	0	0	7	8	0	3	
0	0	8	0	1	5	8	2	
2	1	8	8	0	0	4	7	
5	0	8	0	8	1	0	4	
7	5	0	0	1	8	4	8	
7	0	2	4	0	8	8	0	
5	0	0	2	0	4	1	8	

results -> 66, 25, 15, 18, 42, 44, 28, 47


16	5	14	9	4	16	10	15	
12	16	15	0	16	8	14	9	
0	9	16	16	1	10	8	15	
13	16	15	16	0	14	4	12	
5	14	9	16	16	10	0	4	
15	5	16	10	12	16	4	11	
7	16	2	14	10	9	16	15	
5	11	12	2	14	13	1	16	

results -> 146, 55, 99, 74, 105, 126, 109, 154


24	22	20	21	24	17	23	15	
21	24	15	17	24	22	14	9	
0	24	24	16	21	10	22	15	
13	18	21	24	24	20	22	12	
21	14	9	22	24	10	24	4	
24	5	16	10	21	24	4	17	
7	16	2	20	21	18	24	24	
21	11	12	22	24	17	23	24	

results -> 273, 194, 171, 215, 287, 227, 235, 244


